23.7
23.7
23.5
23.8
24
24.2
24.4
24.4
24.4
24.3
24.2
24.1
24
23.9
23.9
23.9
23.9
23.9
23.7
23.7
23.8
23.7
23.7
23.6
23.5
23.6
23.6
23.7
23.8
23.9
24.1
24.2
24.3
24.5
24.6
25
25.4
25.8
25.9
25.9
26
25.9
25.9
25.9
26
26.2
26.3
26.5
26.5
26.4
26.4
26.5
26.5
26.5
26.7
26.7
26.6
26.7
26.7
26.7
26.6
26.6
26.6
26.7
26.7
26.8
26.8
26.9
26.9
27
26.9
26.9
26.9
27
26.9
26.9
26.9
26.9
26.9
26.9
26.8
26.7
26.8
26.8
26.8
26.8
26.8
26.8
26.8
26.7
26.8
26.7
26.9
26.8
26.9
26.9
26.8
26.9
26.9
26.9
27
27.2
27.3
27.3
27.4
27.5
27.5
27.6
27.7
27.8
27.9
27.9
28
28.1
28.2
28.3
28.3
28.3
28.4
28.5
28.6
28.7
28.9
28.9
28.9
28.9
28.9
28.9
28.9
28.9
29
29
29
29
29
29
29
29.1
29.2
29.2
29.3
29.4
29.4
29.4
29.4
29.4
29.4
29.5
29.6
29.6
29.6
29.6
29.6
29.8
29.8
29.8
29.8
29.8
29.8
29.8
29.8
29.8
29.9
29.9
30
30
30
30
30
30.1
30.2
30.2
30.2
30.2
30.2
30.3
30.4
30.4
30.4
30.4
30.4
30.5
30.5
30.5
30.5
30.6
30.7
30.8
30.7
30.8
30.8
30.9
30.9
30.9
30.9
31
31
31
31
31.1
31.1
31.1
31.2
31.3
31.3
31.3
31.3
31.4
31.5
31.6
31.6
31.6
31.6
31.7
31.8
31.9
31.9
32.1
32.2
32.3
32.4
32.4
32.5
32.7
32.8
32.9
32.9
32.9
32.9
33
33
33.1
33.1
33.3
33.4
33.5
33.6
33.7
33.9
34
34.1
34.2
34.3
34.4
34.5
34.7
34.9
35
35.1
35.3
35.4
35.6
35.7
35.8
36.1
36.3
36.4
36.6
36.8
36.9
37.1
37.3
37.5
37.7
37.9
38.1
38.3
38.5
38.6
38.8
38.9
39
39.2
39.4
39.6
39.8
39.9
39.9
40
40.1
40.3
40.5
40.6
40.7
40.8
40.9
41
41.1
41.2
41.4
41.4
41.5
41.6
41.7
41.8
41.9
42.1
42.2
42.4
42.5
42.7
43
43.4
43.7
43.9
44.2
44.2
45
45.2
45.6
45.9
46.3
46.8
47.3
47.8
48.1
48.6
49
49.3
49.9
50.6
51
51.5
51.9
52.3
52.6
52.8
53
53.1
53.5
54
54.2
54.6
54.9
55.3
55.6
55.8
55.9
56
56.1
56.4
56.7
57
57.3
57.6
57.9
58.1
58.4
58.7
59.3
59.6
60
60.2
60.5
60.8
61.1
61.3
61.6
62
62.3
62.7
63
63.4
63.9
64.5
65
65.5
65.9
66.5
67.1
67.5
67.9
68.5
69.2
69.9
70.6
71.4
72.2
73
73.7
74.4
75.2
76
76.9
78
79
80.1
80.9
81.7
82.5
82.6
83.2
83.9
84.7
85.6
86.4
87.2
88
88.6
89.1
89.7
90.5
91.5
92.2
93.1
93.4
93.8
94.1
94.4
94.7
94.7
95
95.9
97
97.5
97.7
97.7
98.1
98
97.7
97.9
98
98.1
98.8
99.2
99.4
99.8
100.1
100.4
100.8
101.1
101.4
102.1
102.6
102.9
103.3
103.5
103.7
104.1
104.4
104.7
105.1
105.3
105.5
105.7
106.3
106.8
107
107.2
107.5
107.7
107.9
108.1
108.5
109
109.5
109.9
109.7
109.1
108.7
109
109.4
109.5
109.6
110
110.2
110.4
110.8
111.4
111.8
112.2
112.7
113
113.5
113.8
114.3
114.7
115
115.4
115.6
116
116.2
116.5
117.2
117.5
118
118.5
119
119.5
119.9
120.3
120.7
121.2
121.6
122.2
123.1
123.7
124.1
124.5
124.5
124.8
125.4
125.9
126.3
127.5
128
128.6
128.9
129.1
129.9
130.5
131.6
132.5
133.4
133.7
134.2
134.7
134.8
134.8
135.1
135.6
136
136.2
136.6
137
137.2
137.8
138.2
138.3
138.6
139.1
139.4
139.7
140.1
140.5
140.8
141.1
141.7
142.1
142.3
142.8
143.1
143.3
143.8
144.2
144.3
144.5
144.8
145
145.6
146
146.3
146.3
146.7
147.1
147.2
147.5
147.9
148.4
149
149.3
149.4
149.8
150.1
150.5
150.9
151.2
151.8
152.1
152.4
152.6
152.9
153.1
153.5
153.7
153.9
154.7
155
155.5
156.1
156.4
156.7
157
157.2
157.7
158.2
158.7
159.1
159.4
159.7
159.8
159.9
159.9
160.2
160.4
160.8
161.2
161.5
161.7
161.8
162
162
162
162.2
162.6
162.8
163.2
163.4
163.5
163.9
164.1
164.4
164.7
164.7
164.8
165.9
166
166
166.7
167.1
167.8
168.1
168.4
168.8
169.3
169.9
171
170.9
171.2
172.2
172.7
172.7
173.6
173.9
174.2
174.6
175.6
175.9
176
176.5
177.4
177.8
177.4
177.5
178.1
177.6
177.5
177.2
177.6
177.9
178.5
179.4
179.5
179.7
180.1
180.6
180.9
181.2
181.4
181.6
182.2
183.2
184
183.4
183.3
183.5
183.8
184.5
185.1
184.9
184.6
184.9
185.8
186.3
187.2
187.6
188.8
189.4
