86.8
86.7
86.7
86.8
86.9
87.3
87.5
87.4
87.7
88
88
88
87.9
88
88
88.5
88.5
88.7
88.7
88.7
88.8
89.2
89.3
89.3
89.3
89.3
89.3
89.3
89.3
89.4
89.8
89.7
89.9
89.9
89.9
89.9
89.9
90.1
90.3
90.5
90.5
90.5
90.7
90.7
91.2
91.1
91.1
91
91.1
91.2
91.3
91.3
91.3
91.7
92.1
92.1
92.1
92.2
92.3
92.5
92.6
92.5
92.6
92.7
92.7
92.9
93.1
93
93.2
93.3
93.5
93.6
93.6
93.6
93.7
94
94.2
94.7
94.8
94.6
94.8
94.9
95.1
95.4
95.4
96
96.3
96.7
96.8
97.1
97.4
97.9
98.1
98.5
98.5
98.6
98.6
98.7
98.9
99.1
99.4
99.7
100.2
100.5
100.7
101
101.3
101.6
102
102.3
102.8
103.1
103.4
104
104.5
104.8
105.1
105.7
106.1
106.4
106.7
107.1
108
108.7
109
109.7
110.2
110.7
111.2
111.6
112.2
112.9
113.3
113.9
114.5
115.2
115.7
116.3
116.7
116.9
117.5
118.1
118.5
119.1
119.2
119.4
119.8
120.2
120.8
121.5
121.8
122.1
122.2
122.4
122.6
123.1
123.2
123.8
124
124.3
124.7
125
125.5
125.7
126.2
126.6
126.9
127.3
127.7
128.6
129.8
130.7
131.5
132.4
132.7
135.1
135.5
136.6
137.6
138.5
139.7
141.5
143.1
143.9
145.5
146.9
148
149.9
151.7
153
154.3
155.4
156.1
157.2
157.8
158.6
159.3
160.6
162.3
162.8
163.6
164.6
165.6
166.3
166.7
167.1
167.5
168.2
169.2
170.1
171.1
171.9
172.6
173.3
173.8
174.3
175.3
177.1
178.2
179.6
180.6
181.8
182.6
183.3
184
184.5
185.4
186.1
187.2
188.4
189.8
191.5
193.3
195.3
196.7
197.8
199.3
200.9
202
202.9
204.7
207.1
209.1
211.5
214.1
216.6
218.9
221.1
223.4
225.4
227.5
229.9
233.2
236.4
239.8
242.5
244.9
247.6
247.8
249.4
251.7
253.9
256.2
258.4
260.5
263.2
265.1
266.8
269
271.3
274.4
276.5
279.3
279.9
280.7
281.5
282.5
283.4
283.1
284.3
287.1
290.6
292.2
292.8
293.3
294.1
293.6
292.4
293.1
293.2
293.4
295.5
297.1
298.1
299.3
300.3
301.8
302.6
303.1
303.5
305.2
306.6
307.3
308.8
309.7
310.7
311.7
313
314.5
315.3
315.3
315.5
316.1
317.4
318.8
320.1
321.3
322.3
322.8
323.5
324.5
325.5
326.6
327.4
328.4
327.5
326
325.3
326.3
327.9
328
328.6
330.2
330.5
330.8
331.1
333.1
334.4
335.9
337.7
338.7
340.1
340.8
342.7
344.4
345.3
345.8
345.7
346.7
347.4
349
350.8
352
353.5
354.9
356.6
358.9
360.1
360.5
360.9
362.7
364.1
366.2
368.8
370.8
371.7
372.7
373.1
374.6
376.2
377
377.6
381.5
383.3
385.5
386.2
386.9
389.1
390.7
394.1
397.5
400
400.7
400.9
403.1
403.8
404.3
405.1
406.3
407.3
408
409.2
411.1
411.5
412.7
413
413.8
415.2
417.2
417.9
418.6
419.9
420.8
422
423.2
424.7
425.3
425.2
427
428.7
430.1
431.2
432
432.4
432.6
433.9
434.7
436.4
436.9
436.8
437.8
439.3
441.1
441.4
441.9
443.3
444.4
446.4
447.5
448
448.6
448.4
450.3
452
453.5
455
455.8
456.7
457
458
459
460.3
460.1
459.9
462.5
464.2
466.5
468.2
469
469.5
470.4
471.1
472.7
474.1
475
475
476.7
478.2
479.3
479.7
479.6
480.2
480.7
481.6
483
484.1
483.9
483.2
484.2
484.9
485.8
486.8
487.7
488.2
488.8
489.6
490.1
491.3
491.3
491
492.3
492.9
494.4
497.8
497.7
497.9
499.2
500.7
502.9
503.9
504.1
504.1
505.8
508.7
512.8
513.2
513.6
516.5
517.5
517.6
520.3
521.2
521.5
521.1
524.5
526.7
528
529.9
532.2
533.3
531.6
531.8
534
532.2
531.3
529.2
530.6
532.7
535.5
538.6
538.5
538.9
539.5
541.2
542.1
543.2
543.1
541.9
544.2
548.5
551.8
550.5
549.7
550.4
550.9
553
554.7
554.3
552.7
552.1
554.9
557.9
561.5
563.2
566.4
568.2
