286.6
287.7
289.2
290.1
292.2
294.1
295.2
296.4
296.7
296.5
297.1
297.8
298.2
298.5
299.4
300.1
300.9
302.3
304.1
306.9
308.4
309.5
310.9
312.4
314.1
316.5
318.3
319.9
322.2
324.3
325.6
327.6
329.5
331.1
333.4
335.5
337.5
340.1
343.1
345.5
347.5
349.3
350.8
352.8
354.9
357.2
359.8
362.7
365.2
367.9
370.7
373.3
376.1
378.4
381.1
383.6
386
388.3
391.5
393.2
395.2
397.6
399.8
401.7
404.2
407.1
410.1
413.4
416.9
419.1
422.1
424.7
427.5
430.4
433.2
435.4
437.1
440.1
442.9
445.8
449.5
452.6
455.7
459.2
462
464.6
467.2
469.3
470.1
471.2
470.9
472.6
475.4
475.7
477.3
480.2
481.6
485.1
489.7
492.1
497.2
502
506.3
510.8
514.7
518.2
521.2
524.8
527.4
530.4
533.2
535.7
538.9
542.6
545.6
549.4
553.6
557.6
562.4
566.8
569.3
571.9
574.4
575.7
576.5
578.5
579.5
580.1
582.1
583.4
585.4
587.9
589.6
586.3
587.3
588.4
591.5
595.2
599.1
604.9
611.2
616.4
621.1
626.5
633
641
649.9
658.4
666.7
673
679.6
685.5
692.5
698.4
704.6
710.3
717.7
725.7
733.5
738.4
743.4
749.7
759.5
768.7
778.3
786.9
793.9
802.3
810.3
814.1
815.3
819.7
826.8
833.3
836.5
838.8
839.3
842.6
848.9
855.5
859.7
864.2
870.1
872.9
874.6
877.8
881.4
884.1
887.9
893.3
898.6
902.1
906.3
914.1
925
935.1
947.9
963
975.1
983.1
991.5
997.8
1006.9
1016.2
1026.6
1040.3
1050
1060.8
1072.1
1077.6
1086.3
1098.7
1110.8
1125
1138.2
1152
1165.2
1177.6
1188.5
1199.6
1209
1217.8
1226.7
1237
1246.2
1254
1262.4
1270.3
1279.7
1285.5
1292.2
1300.4
1310.5
1318.5
1324.1
1333.5
1345
1352.3
1359.1
1366
1371.6
1377.8
1387.8
1402.1
1410.2
1423
1434.8
1446.6
1454.1
1460.4
1465.9
1473.7
1482.7
1494.6
1499.8
1502.2
1512.4
1529.2
1545.5
1561.5
1574
1584.8
1595.7
1599.8
1606.9
1618.7
1636.6
1659.3
1664.2
1670.3
1681.9
1694.3
1706
1721.8
1736.1
1755.4
1770.4
1774.5
1786.5
1804
1815.4
1826
1834.3
1849.3
1863.3
1874.7
1888.4
1910.3
1963.3
2000.5
2018.6
2031.9
2046.4
2056.7
2067.8
2076.9
2086.1
2102.2
2115.3
2126.5
2141.2
2161.4
2178.4
2194.9
2207.5
2218.5
2226.9
2233.6
2247.5
2262.1
2284.8
2309.9
2336
2357.4
2369.4
2378.8
2393.2
2416.3
2433.1
2447.5
2460.1
2471.7
2481.2
2495.7
2505.6
2516.1
2536.2
2560.9
2588.4
2608.7
2630.5
2650.3
2671.9
2691.9
2705.7
2732.3
2748
2751.7
2757.7
2772.1
2777.2
2778.6
2783.4
2792.4
2803.6
2819.1
2824.2
2831.4
2852.4
2875.5
2895.7
2915.6
2931.2
2943.4
2953.1
2958.2
2963.1
2971.6
2986.5
2994.4
2997.8
2998.1
3005.8
3012
3017.4
3033.4
3058.4
3080.4
3098.6
3120.7
3139.6
3158.4
3172.7
3185.6
3196.1
3208.8
3206.7
3218.7
3229.9
3247.8
3260.9
3264.9
3269.3
3279.2
3294.6
3311.6
3328.8
3339.5
3350.6
3360.2
3362.9
3361.5
3362.3
3367.2
3371.6
3379.1
3388
3407
3410.7
3408.3
3404.5
3400.1
3401.9
3406.7
3416.9
3430.8
3434.8
3432.8
3426.7
3423.1
3419.8
3420.6
3445.4
3450.5
3450.4
3455
3462.7
3465.6
3478.9
3484.7
3486
3486.5
3492.7
3497.7
3505.9
3494.2
3498.9
3496.3
3496.9
3496.5
3498.6
3497.7
3503.2
3500.8
3501.9
3511.8
3533.8
3559.1
3579.1
3600.8
3611.6
3623.6
3632.4
3641.4
3659.3
3674.1
3699.2
3710.7
3721.3
3735
3749.5
3758
3769
3782.2
3796.1
3817
3831.2
3842.3
3857.9
3874.6
3886.2
3904.5
3923.8
3953.3
3971.7
3990
4011.8
4031.9
4056.1
4089
4115.7
4140.8
4160.1
4184.5
4204.2
4230.7
4272.2
4312.8
4352.6
4384.1
4407.4
4434.2
4444.4
4475.4
4494.6
4515
4539
4560.9
4577.3
4595.4
4619.3
4649
4677.9
4692.1
4723.2
4775.3
4766.6
4783.7
4798.8
4832.8
4863.6
4881
4892.4
4932.7
4988.4
5027.4
5086.9
5151.1
5152.4
5190.3
5221.2
5253.4
5363.2
5355
5398.1
5448.6
5476
5505.7
5517.4
5522.7
5552.2
5573.9
5615.8
5651.5
5677.9
5722.7
5767.2
5794.5
5825.5
5867.3
5891.1
5933.8
5985.1
6026.1
6066.1
6106.6
6083.9
6069.1
6065.8
6062.5
6070.1
6120.3
6168
6217.1
6289.8
6299.3
