2.82
2.7
2.8
2.95
2.84
3.21
3.2
3.38
4.04
4.05
4.15
4.49
4.35
3.96
3.31
3.23
3.29
2.46
2.3
2.3
2.48
2.3
2.37
2.25
2.24
2.42
2.39
2.29
2.29
2.33
2.24
2.39
2.28
2.3
2.48
2.6
2.72
2.73
2.72
2.73
2.69
2.73
2.92
2.82
2.78
2.74
2.83
2.87
2.91
2.92
2.89
2.9
2.93
2.99
3.18
3.32
3.38
3.45
3.52
3.52
3.52
3.53
3.54
3.47
3.48
3.48
3.46
3.5
3.53
3.57
3.64
3.84
3.81
3.93
3.93
3.93
3.89
3.8
3.84
3.84
3.92
4.03
4.09
4.38
4.59
4.65
4.59
4.62
4.64
4.5
4.8
4.96
5.37
5.35
5.32
4.96
4.72
4.56
4.26
3.84
3.6
3.54
4.21
4.27
4.42
4.56
4.73
4.97
5
4.98
5.17
5.38
5.66
5.52
5.31
5.09
5.19
5.35
5.45
5.96
6.14
6.12
6.02
6.11
6.04
6.44
7
6.98
7.09
7
7.24
7.82
7.87
7.13
6.63
6.51
6.84
6.68
6.45
6.41
6.12
5.91
5.28
4.87
4.44
3.7
3.38
3.86
4.14
4.75
5.4
4.94
4.69
4.46
4.22
4.01
3.38
3.2
3.73
3.71
3.69
3.91
3.98
4.02
4.66
4.74
4.78
5.07
5.41
5.6
6.09
6.26
6.36
7.19
8.01
8.67
8.29
7.22
7.83
7.45
7.77
7.12
7.96
8.33
8.23
7.9
7.55
8.96
8.06
7.46
7.47
7.15
6.26
5.5
5.49
5.61
5.23
5.34
6.13
6.44
6.42
5.96
5.48
5.44
4.87
4.88
5
4.86
5.2
5.41
5.23
5.14
5.08
4.92
4.75
4.35
4.62
4.67
4.6
4.54
4.96
5.02
5.19
5.49
5.81
6.16
6.1
6.07
6.44
6.45
6.29
6.29
6.41
6.73
7.01
7.08
7.85
7.99
8.64
9.08
9.35
9.32
9.48
9.46
9.61
9.06
9.24
9.52
10.26
11.7
11.79
12.04
12
12.86
15.2
13.2
8.58
7.07
8.06
9.13
10.27
11.62
13.73
15.49
15.02
14.79
13.36
13.69
16.3
14.73
14.95
15.51
14.7
13.54
10.86
10.85
12.28
13.48
12.68
12.7
12.09
12.47
11.35
8.68
7.92
7.71
8.07
7.94
7.86
8.11
8.35
8.21
8.19
8.79
9.08
9.34
9
8.64
8.76
9
8.9
9.09
9.52
9.69
9.83
9.87
10.12
10.47
10.37
9.74
8.61
8.06
7.76
8.27
8.52
7.95
7.48
6.95
7.08
7.14
7.1
7.16
7.24
7.1
7.07
7.06
6.56
6.06
6.15
6.21
5.83
5.53
5.21
5.18
5.35
5.53
5.43
5.59
5.59
5.64
5.66
5.67
5.69
6.04
6.4
6.13
5.69
5.77
5.81
5.66
5.7
5.91
6.26
6.46
6.73
7.06
7.24
7.35
7.76
8.07
8.27
8.53
8.82
8.65
8.43
8.15
7.88
7.9
7.75
7.64
7.69
7.63
7.64
7.74
7.9
7.77
7.74
7.73
7.62
7.45
7.36
7.17
7.06
6.74
6.22
5.94
5.91
5.65
5.46
5.57
5.58
5.33
5.22
4.99
4.56
4.07
3.8
3.84
4.04
3.75
3.63
3.66
3.21
3.13
2.91
2.86
3.13
3.22
3
2.93
2.95
2.87
2.96
3.07
3.04
3.02
2.95
3.02
3.1
3.06
2.98
3.25
3.5
3.68
4.14
4.14
4.33
4.48
4.62
4.95
5.29
5.6
5.71
5.77
5.73
5.65
5.67
5.47
5.42
5.4
5.28
5.28
5.36
5.14
5
4.83
4.96
4.95
5.02
5.09
5.15
5.05
5.09
4.99
5.03
4.91
5.03
5.01
5.14
5.16
5.05
4.93
5.05
5.14
4.95
4.97
5.14
5.16
5.04
5.09
5.03
4.95
5
4.98
4.96
4.9
4.61
3.96
4.41
4.39
4.34
4.44
4.44
4.29
4.5
4.57
4.55
4.72
4.68
4.86
5.07
5.2
5.32
5.55
5.69
5.66
5.79
5.69
5.96
6.09
6
6.11
6.17
5.77
5.15
4.88
4.42
3.87
3.62
3.49
3.51
3.36
2.64
2.16
1.87
1.69
1.65
1.73
1.79
1.72
1.73
1.7
1.68
1.62
1.63
1.58
1.23
1.19
1.17
1.17
1.13
1.13
1.07
0.92
0.9
0.95
0.94
0.92
0.93
0.9
0.88
0.93
0.94
0.94
1.02
1.27
