  2.3523684e+000
  2.6796355e-001
 -4.7728956e-001
  8.6617207e-001
 -6.7380059e-001
  1.0653460e+000
 -7.3636308e-001
 -5.3089703e-001
  1.4375588e+000
 -8.4998577e-001
 -5.6506441e-001
  1.6911918e+000
  1.1410887e+000
 -6.7761449e-001
 -3.0231698e-001
  8.8061956e-001
 -5.9717702e-001
  4.0906734e-002
  1.1326849e-001
  1.7617202e-001
  1.2886287e+000
 -6.7504161e-001
  6.8755467e-001
 -1.0517399e-001
 -5.1487168e-001
 -6.7474590e-001
 -9.8705591e-001
  7.7885437e-001
 -1.4899497e+000
  2.0851008e-001
 -1.2191014e+000
  9.5884329e-001
 -6.2010742e-001
  7.3028824e-001
 -1.0391814e+000
  3.0577487e-001
 -1.1357211e+000
  1.1218922e+000
  1.0350020e+000
 -1.6964576e+000
  1.8834927e-001
 -4.1616185e-001
  7.2832113e-001
  5.6650225e-001
 -2.7098069e+000
  6.1037310e-001
 -8.2273540e-001
  1.8205373e-001
  1.6746034e+000
 -2.0563957e+000
 -2.7643601e-001
  1.0064768e+000
 -6.4816920e-002
 -1.5101258e+000
  1.1304037e+000
 -1.2451472e+000
 -6.6235227e-001
 -9.0391597e-001
  1.0032601e+000
 -2.8492531e-001
 -1.7915760e+000
 -9.1271258e-002
 -1.6086344e-001
  2.5328503e-001
  3.4807748e-001
  1.2941222e+000
 -2.0349086e-001
 -2.2300238e+000
  5.3613371e-001
  7.3513287e-001
 -7.3421645e-002
 -1.4562820e+000
  8.3856207e-001
 -1.5760629e+000
  2.6422546e-002
 -1.5840622e-002
  6.7456190e-001
 -2.0031790e+000
 -5.5350486e-001
  2.1810423e+000
  5.2050990e-001
  4.6587582e-002
 -5.6089208e-001
 -1.4976600e+000
 -8.4934384e-001
  3.6463788e-001
 -8.7106827e-001
 -1.0146108e+000
  6.7832886e-003
  5.1053047e-001
  1.0082891e+000
 -2.7875938e-001
  1.7773564e-001
  7.3294326e-001
  8.9065057e-001
 -1.5506540e+000
  6.7722229e-002
 -1.1533155e+000
 -8.7960322e-001
 -5.1574157e-001
  1.3183946e+000
 -3.2635479e-001
  1.1903246e+000
  2.1190469e+000
 -4.7230294e-001
 -2.9582627e+000
  1.5944326e+000
  1.2518246e+000
 -5.0440420e-001
 -7.9172429e-001
 -1.9346404e+000
 -7.7383985e-001
  1.1080905e+000
 -1.0623635e+000
  5.9145702e-001
 -1.5453848e+000
 -1.1239384e-001
  5.4595494e-001
  1.0871877e+000
 -5.5831613e-002
 -3.5819081e-002
  2.8036588e-002
 -1.6580327e+000
  3.9125907e-001
  1.1528949e+000
  6.8655630e-001
  7.2465978e-001
 -1.2963288e+000
 -2.2328393e+000
  1.9755996e+000
  9.4262723e-001
 -1.4908103e+000
  4.7842035e-001
  2.3606608e-001
 -5.1302201e-001
 -4.7716101e-001
 -1.1287180e+000
 -4.5437014e-002
  2.5464272e+000
  1.7648220e+000
  1.5024256e+000
  6.4273018e-001
  6.4588807e-001
 -9.1090972e-001
  9.9010322e-001
 -2.2709849e-001
 -2.8600263e-001
 -3.1607673e+000
  2.4456269e+000
  1.3946187e+000
 -1.5394771e+000
  1.4291433e-001
 -2.2126969e-001
 -1.0938891e+000
  2.1961846e+000
 -7.8155353e-001
 -3.0531402e-001
 -2.0455958e+000
 -1.1696686e+000
  5.2338707e-001
 -8.8707639e-001
 -8.2904392e-001
 -1.3263750e+000
  1.6260032e+000
  8.2566268e-001
 -6.8479491e-001
 -7.0067791e-001
 -7.4695558e-001
 -4.4645402e-001
 -1.5823281e+000
  2.5298673e-001
 -8.7836641e-001
 -6.6250091e-001
  7.6400472e-001
  7.5664882e-001
 -4.3555803e-001
 -5.4621557e-001
 -3.4855037e-001
 -9.9834419e-001
  2.4744755e+000
 -5.2653995e-001
  1.1455798e+000
  2.1496304e-001
 -2.0143921e-001
 -1.8343314e+000
 -3.7256550e-001
  1.7147803e+000
  8.0631967e-001
  6.9049076e-001
 -8.5563584e-001
  5.5395608e-001
 -1.2126070e-001
 -1.9177742e-001
  3.3813166e-002
  8.4821415e-001
  4.8915249e-001
 -9.2809748e-001
  2.3429933e+000
  2.7122645e+000
 -6.4629091e-001
 -2.8833101e-001
  3.1718262e-001
  6.1880285e-001
 -2.2901603e-001
  4.9910946e-001
  1.0766332e+000
 -5.9432849e-001
 -8.9173006e-001
  6.1472974e-001
 -4.7760778e-001
  8.4459567e-001
  1.2625034e+000
 -1.9596205e+000
 -7.1245134e-001
  4.2439188e-001
 -3.3433606e-001
  1.0593152e+000
 -5.8788571e-001
  2.7854143e-001
 -2.5461658e+000
 -7.6836439e-001
 -5.5566166e-001
 -7.8181337e-001
  1.5949357e+000
 -1.5457988e+000
 -1.9417169e-001
  1.1061398e-001
  7.2607152e-001
 -1.6648348e-002
 -1.1404285e-001
 -6.8762789e-001
  1.3297843e+000
  9.4670876e-001
 -1.4587762e+000
 -4.9677461e-001
  7.1772900e-001
  1.1676087e+000
  2.1986116e-001
 -5.0527445e-001
  1.6890609e-001
 -2.8707180e+000
 -9.7091447e-001
  3.3688627e-001
 -8.5952029e-001
  1.5238598e-001
 -7.4312870e-003
  4.7027418e-003
  1.8716458e+000
  1.3081672e-001
  9.1757678e-001
 -1.1798492e+000
 -8.6426593e-001
  1.6085660e+000
  4.4359869e-001
 -1.2880652e-001
  7.2525183e-002
  6.1874523e-001
 -5.8261754e-001
  1.2320440e+000
 -6.3830706e-001
  4.0809250e-001
  1.5058335e+000
  1.2340763e+000
  1.9533843e+000
  3.8630203e-001
 -8.1143816e-002
  6.0107006e-001
 -2.8289271e+000
 -1.0819593e+000
  2.5597383e-001
 -5.4178799e-001
  2.7303516e-001
  5.0031287e-002
  1.6391655e+000
  2.0695871e-001
  1.3056199e+000
  5.3174752e-001
  1.0135710e+000
 -1.8937982e-001
  1.3001884e+000
  1.5127460e+000
  1.3971268e+000
  1.2951101e+000
  7.4694285e-002
 -5.3883380e-001
 -1.0878826e+000
  2.1870553e-001
  1.7198020e+000
  4.9081185e-002
  9.3705647e-001
 -1.0322290e-001
  7.5854744e-001
  7.3790798e-001
  6.2859090e-001
 -3.5237696e-001
 -1.1640561e+000
 -6.9532703e-001
  1.4915679e+000
 -2.0153106e-001
 -3.3964195e-001
